(-5.0,-5.0)
(5.0,5.0)
(-1.3999999999999999, -4.8499999999999996)
(-1.25, -2.6899999999999999)
(4.5, 0.65000000000000036)

(-1.1000000000000001, 1.6600000000000001)
(3.0299999999999994, 3.2200000000000006)
(2.9800000000000004, 2.6900000000000004)

(2.5899999999999999, 1.1399999999999997)
(3.5899999999999999, 4.2300000000000004)
(4.4299999999999997, 3.5299999999999994)

(-3.0899999999999999, -0.36000000000000032)
(-0.46999999999999975, 3.5500000000000007)
(-2.5699999999999998, 1.7999999999999998)

(2.3200000000000003, -4.2400000000000002)
(3.5600000000000005, -3.9399999999999999)
(3.5099999999999998, -3.8999999999999999)

(-0.41000000000000014, -0.24000000000000021)
(1.4900000000000002, 0.48000000000000043)
(0.59999999999999964, 1.8099999999999996)

(-0.099999999999999645, -4.8799999999999999)
(1.1299999999999999, -2.71)
(2.0199999999999996, -3.5099999999999998)

(-1.6499999999999999, 0.51999999999999957)
(-0.71999999999999975, 0.76999999999999957)
(-2.0299999999999998, 1.1200000000000001)

(0.12000000000000011, 2.5599999999999996)
(-0.34999999999999964, 2.7599999999999998)
(2.0899999999999999, 4.5700000000000003)

(-2.1600000000000001, -1.8599999999999999)
(-1.5299999999999998, -0.20000000000000018)
(-1.48, -2.1299999999999999)

(-4.3600000000000003, -3.1799999999999997)
(-3.4100000000000001, -2.8100000000000001)
(-2.6299999999999999, -1.54)

(0.51999999999999957, -0.92999999999999972)
(3.8399999999999999, 0.61000000000000032)
(1.7999999999999998, 0.42999999999999972)

(-4.7300000000000004, 0.61000000000000032)
(-4.7999999999999998, 0.17999999999999972)
(-2.75, 3.2599999999999998)

(2.25, 0.66999999999999993)
(4.4800000000000004, 2.6200000000000001)
(3.3200000000000003, 2.0499999999999998)

(2.54, -2.6400000000000001)
(4.3800000000000008, -2.1200000000000001)
(2.6299999999999999, -3.1100000000000003)

(-4.1899999999999995, 2.8200000000000003)
(-2.6899999999999999, 3.2799999999999994)
(-3.1100000000000003, 3.6600000000000001)

(3.1300000000000008, -2.3100000000000001)
(4.9100000000000001, 0.90000000000000036)
(2.7400000000000002, -1.0099999999999998)

(-4.96, -4.8099999999999996)
(-4.1200000000000001, -3.7800000000000002)
(-2.9300000000000002, -3.96)

(-3.9199999999999999, -2.23)
(-2.7200000000000002, -0.26999999999999957)
(-4.0300000000000002, -2.7000000000000002)

(-2.6000000000000001, -1.4500000000000002)
(-1.1400000000000001, 0.37999999999999989)
(-2.6499999999999999, -0.37000000000000011)

(0.73000000000000043, 4.8200000000000003)
(2.8399999999999999, 4.6500000000000004)
(3.6400000000000006, 4.5)

(4.0999999999999996, 0.91999999999999993)
(4.4100000000000001, 0.69000000000000039)
(4.7200000000000006, 3.4800000000000004)

(-3.75, -0.20999999999999996)
(-3.8799999999999999, 0.049999999999999822)
(-3.2199999999999998, 1.21)

(-4.2000000000000002, -3.4900000000000002)
(-1.9100000000000001, -3.6100000000000003)
(-1.5099999999999998, -3.75)

(2.4000000000000004, -4.1399999999999997)
(2.1399999999999997, -3.2000000000000002)
(2.2000000000000002, -3.9900000000000002)

(-4.6600000000000001, 3.4499999999999993)
(-4.1799999999999997, 4.1400000000000006)
(-3.3799999999999999, 4.4600000000000009)

(-0.58000000000000007, 4.1099999999999994)
(0.50999999999999979, 4.3499999999999996)
(-0.20000000000000018, 4.5500000000000007)

(-2.5600000000000001, -2.7400000000000002)
(-1.25, -2.6299999999999999)
(-1.75, -2.8999999999999999)

(2.8499999999999996, -3.98)
(4.3200000000000003, -3.52)
(3.9299999999999997, -2.7000000000000002)

(-2.3599999999999999, 4.3499999999999996)
(-2.7000000000000002, 4.5399999999999991)
(-2.3500000000000001, 4.1899999999999995)

(-0.28000000000000025, -1.2200000000000002)
(0.29000000000000004, -1.6000000000000001)
(0.21999999999999975, -1.1899999999999999)

(-1.3999999999999999, 3.5500000000000007)
(-0.58999999999999986, 3.4800000000000004)
(-1.0800000000000001, 3.9399999999999995)

(-2.5299999999999998, 1.3300000000000001)
(-1.77, 1.6699999999999999)
(-2.3199999999999998, 1.2000000000000002)

(-0.54000000000000004, -0.089999999999999858)
(-0.95999999999999996, 0.12000000000000011)
(-0.78000000000000025, -0.55999999999999961)

(-3.2199999999999998, 4.0199999999999996)
(-2.48, 3.9399999999999995)
(-2.6800000000000002, 3.9100000000000001)

(-2.2400000000000002, 2.9100000000000001)
(-2.46, 4.2300000000000004)
(-1.3199999999999998, 3.4900000000000002)

(-2.3199999999999998, -0.17999999999999972)
(-2.1200000000000001, 0.90000000000000036)
(-1.98, 0.0)

(-0.32000000000000028, 2.3499999999999996)
(0.70000000000000018, 2.7699999999999996)
(-0.049999999999999822, 2.3799999999999999)

(0.79999999999999982, -1.71)
(1.5899999999999999, -1.21)
(1.5, -1.21)

(-0.28000000000000025, 0.67999999999999972)
(0.25, 1.3200000000000003)
(0.20000000000000018, 1.9699999999999998)

(1.3499999999999996, -4.5099999999999998)
(2.0599999999999996, -4.6399999999999997)
(2.21, -4.2599999999999998)

(0.88999999999999968, 2.0)
(2.1100000000000003, 1.6200000000000001)
(1.2400000000000002, 2.1100000000000003)

(3.7699999999999996, -4.4000000000000004)
(4.4800000000000004, -3.9699999999999998)
(4.3100000000000005, -3.8500000000000001)

(1.9699999999999998, 3.75)
(2.79, 3.8499999999999996)
(2.1900000000000004, 4.5)

(3.4900000000000002, -4.3300000000000001)
(3.5399999999999991, -4.6799999999999997)
(3.5500000000000007, -4.8200000000000003)

(4.3200000000000003, 4.8900000000000006)
(4.1799999999999997, 4.5800000000000001)
(4.4600000000000009, 4.6999999999999993)

